*N=terrain, base-entrench, initiative-cap, supply-factor, allow-bridge, avoid-mech-landing
[terrain-data]
0=clear,           0,             99,        %85,          0,            0
1=town,            3,              1,       %100,          0,            0
2=(airfield),      0,             99,       %100,          0,            0
3=forest,          2,              2,        %55,          0,            0
4=scrub,           1,              3,        %70,          0,            0
5=hill,            1,              3,        %55,          0,            0
6=mountain,        2,              2,        %40,          0,            0
7=sand,            0,             99,        %25,          0,            0
8=swamp,           0,              2,        %40,          1,            0
9=ocean,           0,             99,        %40,          0,            0
10=river,          0,             99,        %55,          1,            0
11=fortification,  4,              2,       %100,          0,            0
12=port,           1,              3,       %100,          0,            0
13=stream,         0,             99,        %70,          1,            0
14=escarpment,     0,             99,         %0,          0,            0
15=impassable,     0,             99,        %40,          0,            0
16=rough,          2,              3,        %85,          0,            0
17=rubble,         3,              2,        %70,          0,            0
18=shallow,        0,              4,        %40,          1,            0

* Supply modifiers
[road-supply=%10]
[rail-supply=%5]
[frozen-supply=%-5]
[mud-supply=%-15]

* Cost to enter terrain, each movement method and ground condition (dry/frozen/mud)
*          Clr,Town,(AP),Frst,Scrb,Hill,Mntn,Sand,Swmp,Ocen, Riv,Fort,Port,Strm,Esca,ImRi,Roug, Rub,Shal
[terrain-cost]
#0  *Heavy
@0 dry   = 002, 002, 255, 006, 005, 004, 255, 002, 008, 255, 254, 002, 002, 004, 255, 255, 004, 005, 255
@1 frozen= 003, 002, 255, 254, 008, 006, 255, 002, 006, 255, 004, 003, 002, 003, 255, 255, 005, 006, 255
@2 mud   = 006, 003, 255, 254, 254, 008, 255, 002, 255, 255, 255, 004, 003, 006, 255, 255, 006, 254, 255

#1  *Fort
@0 dry   = 255, 255, 255, 255, 255, 255, 255, 255, 255, 255, 255, 255, 255, 255, 255, 255, 255, 255, 255
@1 frozen= 255, 255, 255, 255, 255, 255, 255, 255, 255, 255, 255, 255, 255, 255, 255, 255, 255, 255, 255
@2 mud   = 255, 255, 255, 255, 255, 255, 255, 255, 255, 255, 255, 255, 255, 255, 255, 255, 255, 255, 255

#2  *Wheeled
@0 dry   = 002, 002, 255, 006, 004, 004, 255, 006, 008, 255, 254, 002, 002, 006, 255, 255, 005, 005, 255
@1 frozen= 004, 003, 255, 254, 006, 006, 255, 006, 006, 255, 004, 004, 003, 004, 255, 255, 006, 006, 255
@2 mud   = 008, 004, 255, 254, 008, 254, 255, 006, 254, 255, 255, 005, 004, 254, 255, 255, 254, 254, 255

#3  *Leg
@0 dry   = 002, 002, 255, 004, 004, 004, 006, 004, 006, 255, 254, 002, 002, 003, 255, 255, 004, 004, 255
@1 frozen= 003, 002, 255, 006, 005, 005, 254, 004, 004, 255, 004, 002, 002, 002, 255, 255, 005, 005, 255
@2 mud   = 004, 002, 255, 006, 006, 006, 254, 004, 008, 255, 254, 004, 002, 004, 255, 255, 006, 254, 255

#4  *Towed
@0 dry   = 002, 002, 255, 254, 005, 254, 255, 254, 255, 255, 254, 002, 002, 254, 255, 255, 254, 254, 255
@1 frozen= 004, 003, 255, 254, 008, 254, 255, 254, 254, 255, 006, 004, 003, 002, 255, 255, 254, 254, 255
@2 mud   = 008, 004, 255, 254, 254, 254, 255, 254, 255, 255, 255, 005, 004, 254, 255, 255, 254, 254, 255

#5  *(NU)
@0 dry   = 255, 255, 255, 255, 255, 255, 255, 255, 255, 255, 255, 255, 255, 255, 255, 255, 255, 255, 255
@1 frozen= 255, 255, 255, 255, 255, 255, 255, 255, 255, 255, 255, 255, 255, 255, 255, 255, 255, 255, 255
@2 mud   = 255, 255, 255, 255, 255, 255, 255, 255, 255, 255, 255, 255, 255, 255, 255, 255, 255, 255, 255

#6  *(NU)
@0 dry   = 255, 255, 255, 255, 255, 255, 255, 255, 255, 255, 255, 255, 255, 255, 255, 255, 255, 255, 255
@1 frozen= 255, 255, 255, 255, 255, 255, 255, 255, 255, 255, 255, 255, 255, 255, 255, 255, 255, 255, 255
@2 mud   = 255, 255, 255, 255, 255, 255, 255, 255, 255, 255, 255, 255, 255, 255, 255, 255, 255, 255, 255

#7  *Coastal
@0 dry   = 255, 255, 255, 255, 255, 255, 255, 255, 255, 003, 002, 255, 002, 255, 255, 003, 255, 255, 002
@1 frozen= 255, 255, 255, 255, 255, 255, 255, 255, 255, 255, 255, 255, 002, 255, 255, 255, 255, 255, 004
@2 mud   = 255, 255, 255, 255, 255, 255, 255, 255, 255, 004, 002, 255, 002, 255, 255, 003, 255, 255, 002

#8  *Horse
@0 dry   = 002, 002, 255, 004, 004, 003, 005, 002, 005, 255, 254, 002, 002, 003, 255, 255, 002, 003, 255
@1 frozen= 003, 002, 255, 006, 005, 004, 006, 002, 003, 255, 004, 002, 002, 002, 255, 255, 003, 004, 255
@2 mud   = 004, 002, 255, 008, 006, 006, 254, 002, 006, 255, 254, 004, 002, 004, 255, 255, 004, 005, 255

#9  *Marine
@0 dry   = 002, 002, 255, 004, 004, 004, 006, 004, 005, 255, 006, 002, 002, 002, 255, 254, 004, 004, 003
@1 frozen= 003, 002, 255, 006, 005, 005, 254, 004, 003, 255, 003, 002, 002, 002, 255, 006, 005, 005, 005
@2 mud   = 004, 002, 255, 006, 006, 006, 254, 004, 006, 255, 004, 002, 002, 003, 255, 254, 006, 254, 004

#10 *Naval
@0 dry   = 255, 255, 255, 255, 255, 255, 255, 255, 255, 002, 255, 255, 002, 255, 255, 255, 255, 255, 003
@1 frozen= 255, 255, 255, 255, 255, 255, 255, 255, 255, 004, 255, 255, 002, 255, 255, 255, 255, 255, 255
@2 mud   = 255, 255, 255, 255, 255, 255, 255, 255, 255, 003, 255, 255, 002, 255, 255, 255, 255, 255, 003

#11 *Mountain
@0 dry   = 002, 002, 255, 002, 002, 002, 002, 003, 004, 255, 254, 002, 002, 002, 255, 255, 002, 002, 255
@1 frozen= 002, 002, 255, 003, 003, 003, 003, 003, 002, 255, 004, 002, 002, 002, 255, 255, 002, 003, 255
@2 mud   = 003, 002, 255, 004, 004, 004, 004, 003, 005, 255, 254, 004, 002, 004, 255, 255, 004, 004, 255

#12 *Train
@0 dry   = 255, 255, 255, 255, 255, 255, 255, 255, 255, 255, 255, 255, 255, 255, 255, 255, 255, 255, 255
@1 frozen= 255, 255, 255, 255, 255, 255, 255, 255, 255, 255, 255, 255, 255, 255, 255, 255, 255, 255, 255
@2 mud   = 255, 255, 255, 255, 255, 255, 255, 255, 255, 255, 255, 255, 255, 255, 255, 255, 255, 255, 255

#13 *(NU)
@0 dry   = 255, 255, 255, 255, 255, 255, 255, 255, 255, 255, 255, 255, 255, 255, 255, 255, 255, 255, 255
@1 frozen= 255, 255, 255, 255, 255, 255, 255, 255, 255, 255, 255, 255, 255, 255, 255, 255, 255, 255, 255
@2 mud   = 255, 255, 255, 255, 255, 255, 255, 255, 255, 255, 255, 255, 255, 255, 255, 255, 255, 255, 255

#14 *(Custom)
@0 dry   = 255, 255, 255, 255, 255, 255, 255, 255, 255, 255, 255, 255, 255, 255, 255, 255, 255, 255, 255
@1 frozen= 255, 255, 255, 255, 255, 255, 255, 255, 255, 255, 255, 255, 255, 255, 255, 255, 255, 255, 255
@2 mud   = 255, 255, 255, 255, 255, 255, 255, 255, 255, 255, 255, 255, 255, 255, 255, 255, 255, 255, 255

* Roads/Rails modifiers to enter terrain, each movement method and ground condition (dry/frozen/mud)
*           Hvy,(NU), Whl, Leg, Tow,(NU),(NU),Cstl,Hors,Marn,Navl,Moun,Trai,(NU),(NU)
[roads-cost]
@0 dry   =  002, 255, 002, 002, 002, 255, 255, 255, 002, 002, 255, 002, 255, 255, 255
@1 frozen=  002, 255, 002, 002, 002, 255, 255, 255, 002, 002, 255, 002, 255, 255, 255
@2 mud   =  003, 255, 003, 002, 003, 255, 255, 255, 002, 002, 255, 002, 255, 255, 255

[rails-cost]
@0 dry   =  003, 255, 005, 002, 003, 255, 255, 255, 002, 002, 255, 002, 002, 255, 255
@1 frozen=  004, 255, 006, 002, 004, 255, 255, 255, 002, 002, 255, 002, 002, 255, 255
@2 mud   =  005, 255, 006, 002, 005, 255, 255, 255, 002, 002, 255, 002, 002, 255, 255
